Index, Value
00000, 00000
00001, 00000
00002, 00000
00003, 00000
00004, 00000
00005, 00000
00006, 00000
00007, 00000
00008, 00000
00009, 00000
00010, 00000
00011, 00000
00012, 00000
00013, 00000
00014, 00000
00015, 00000
00016, 00000
00017, 00000
00018, 00000
00019, 00000
00020, 00000
00021, 00000
00022, 00000
00023, 00000
00024, 00000
00025, 00000
00026, 00000
00027, 00000
00028, 00000
00029, 00000
00030, 00000
00031, 00000
00032, 00000
00033, 00000
00034, 00000
00035, 00000
00036, 00000
00037, 00000
00038, 00000
00039, 00000
00040, 00000
00041, 00000
00042, 00000
00043, 00000
00044, 00000
00045, 00000
00046, 00000
00047, 00000
00048, 00000
00049, 00000
00050, 00000
00051, 00000
00052, 00000
00053, 00000
00054, 00000
00055, 00000
00056, 00000
00057, 00000
00058, 00000
00059, 00000
00060, 00000
00061, 00000
00062, 00000
00063, 00000
00064, 00000
00065, 00000
00066, 00000
00067, 00000
00068, 00000
00069, 00000
00070, 00000
00071, 00000
00072, 00000
00073, 00000
00074, 00000
00075, 00000
00076, 00000
00077, 00000
00078, 00000
00079, 00000
00080, 00000
00081, 00000
00082, 00000
00083, 00000
00084, 00000
00085, 00000
00086, 00000
00087, 00000
00088, 00000
00089, 00000
00090, 00000
00091, 00000
00092, 00000
00093, 00000
00094, 00000
00095, 00000
00096, 00000
00097, 00000
00098, 00000
00099, 00000
00100, 00000
00101, 00000
00102, 00000
00103, 00000
00104, 00000
00105, 00000
00106, 00000
00107, 00000
00108, 00000
00109, 00000
00110, 00000
00111, 00000
00112, 00000
00113, 00000
00114, 00000
00115, 00000
00116, 00000
00117, 00000
00118, 00000
00119, 00000
00120, 00000
00121, 00000
00122, 00000
00123, 00000
00124, 00000
00125, 00000
00126, 00000
00127, 00000
00128, 00000
00129, 00000
00130, 00000
00131, 00000
00132, 00000
00133, 00000
00134, 00000
00135, 00000
00136, 00000
00137, 00000
00138, 00000
00139, 00000
00140, 00000
00141, 00000
00142, 00000
00143, 00000
00144, 00000
00145, 00000
00146, 00000
00147, 00000
00148, 00000
00149, 00000
00150, 00000
00151, 00000
00152, 00000
00153, 00000
00154, 00000
00155, 00000
00156, 00000
00157, 00000
00158, 00000
00159, 00000
00160, 00000
00161, 00000
00162, 00000
00163, 00000
00164, 00000
00165, 00000
00166, 00000
00167, 00000
00168, 00000
00169, 00000
00170, 00000
00171, 00000
00172, 00000
00173, 00000
00174, 00000
00175, 00001
00176, 00004
00177, 00002
00178, 00019
00179, 00012
00180, 00047
00181, 00047
00182, 00126
00183, 00188
00184, 00318
00185, 00505
00186, 00754
00187, 01381
00188, 01786
00189, 03353
00190, 04178
00191, 07649
00192, 09340
00193, 16248
00194, 20349
00195, 30289
00196, 38104
00197, 49371
00198, 59641
00199, 67972
00200, 76507
00201, 79990
00202, 82464
00203, 80883
00204, 77710
00205, 69112
00206, 62836
00207, 54514
00208, 45505
00209, 39384
00210, 31537
00211, 27868
00212, 22105
00213, 19995
00214, 16198
00215, 15024
00216, 12438
00217, 11755
00218, 09980
00219, 09416
00220, 08446
00221, 07870
00222, 07207
00223, 06781
00224, 06385
00225, 06058
00226, 05526
00227, 05272
00228, 05251
00229, 04952
00230, 04617
00231, 04549
00232, 04297
00233, 04001
00234, 03855
00235, 03571
00236, 03539
00237, 03387
00238, 03340
00239, 03106
00240, 03062
00241, 02970
00242, 03009
00243, 02833
00244, 02793
00245, 02646
00246, 02524
00247, 02400
00248, 02414
00249, 02204
00250, 02229
00251, 02083
00252, 02011
00253, 01953
00254, 01973
00255, 01903
00256, 01777
00257, 01692
00258, 01676
00259, 01689
00260, 01659
00261, 01498
00262, 01508
00263, 01352
00264, 01426
00265, 01268
00266, 01377
00267, 01225
00268, 01277
00269, 01189
00270, 01180
00271, 01144
00272, 01213
00273, 01019
00274, 01081
00275, 01059
00276, 01053
00277, 00973
00278, 01028
00279, 00977
00280, 00986
00281, 00916
00282, 00883
00283, 00854
00284, 00869
00285, 00820
00286, 00789
00287, 00791
00288, 00835
00289, 00816
00290, 00753
00291, 00757
00292, 00757
00293, 00715
00294, 00710
00295, 00628
00296, 00700
00297, 00636
00298, 00653
00299, 00658
00300, 00600
00301, 00608
00302, 00666
00303, 00576
00304, 00596
00305, 00575
00306, 00556
00307, 00603
00308, 00562
00309, 00545
00310, 00593
00311, 00544
00312, 00533
00313, 00573
00314, 00497
00315, 00514
00316, 00505
00317, 00504
00318, 00497
00319, 00469
00320, 00475
00321, 00488
00322, 00485
00323, 00478
00324, 00464
00325, 00422
00326, 00458
00327, 00445
00328, 00426
00329, 00417
00330, 00383
00331, 00399
00332, 00388
00333, 00400
00334, 00433
00335, 00418
00336, 00445
00337, 00393
00338, 00469
00339, 00396
00340, 00440
00341, 00366
00342, 00430
00343, 00365
00344, 00401
00345, 00379
00346, 00378
00347, 00338
00348, 00366
00349, 00380
00350, 00357
00351, 00343
00352, 00353
00353, 00348
00354, 00369
00355, 00317
00356, 00377
00357, 00350
00358, 00405
00359, 00324
00360, 00341
00361, 00279
00362, 00294
00363, 00304
00364, 00334
00365, 00318
00366, 00329
00367, 00328
00368, 00329
00369, 00332
00370, 00320
00371, 00296
00372, 00318
00373, 00305
00374, 00334
00375, 00321
00376, 00290
00377, 00305
00378, 00265
00379, 00296
00380, 00271
00381, 00312
00382, 00311
00383, 00281
00384, 00253
00385, 00248
00386, 00274
00387, 00251
00388, 00274
00389, 00261
00390, 00249
00391, 00286
00392, 00246
00393, 00230
00394, 00233
00395, 00244
00396, 00242
00397, 00208
00398, 00218
00399, 00222
00400, 00210
00401, 00245
00402, 00217
00403, 00241
00404, 00223
00405, 00227
00406, 00224
00407, 00241
00408, 00184
00409, 00214
00410, 00195
00411, 00182
00412, 00226
00413, 00213
00414, 00200
00415, 00190
00416, 00207
00417, 00187
00418, 00194
00419, 00212
00420, 00198
00421, 00207
00422, 00214
00423, 00185
00424, 00197
00425, 00211
00426, 00170
00427, 00197
00428, 00187
00429, 00187
00430, 00172
00431, 00185
00432, 00172
00433, 00200
00434, 00172
00435, 00155
00436, 00192
00437, 00161
00438, 00159
00439, 00178
00440, 00150
00441, 00163
00442, 00180
00443, 00190
00444, 00156
00445, 00166
00446, 00169
00447, 00161
00448, 00169
00449, 00165
00450, 00172
00451, 00172
00452, 00198
00453, 00161
00454, 00160
00455, 00174
00456, 00173
00457, 00136
00458, 00169
00459, 00163
00460, 00159
00461, 00162
00462, 00144
00463, 00140
00464, 00171
00465, 00145
00466, 00143
00467, 00150
00468, 00161
00469, 00146
00470, 00176
00471, 00164
00472, 00160
00473, 00125
00474, 00130
00475, 00156
00476, 00154
00477, 00119
00478, 00149
00479, 00146
00480, 00150
00481, 00159
00482, 00133
00483, 00147
00484, 00126
00485, 00150
00486, 00159
00487, 00164
00488, 00150
00489, 00113
00490, 00118
00491, 00153
00492, 00133
00493, 00121
00494, 00118
00495, 00114
00496, 00134
00497, 00138
00498, 00148
00499, 00146
00500, 00144
00501, 00127
00502, 00158
00503, 00137
00504, 00144
00505, 00106
00506, 00134
00507, 00139
00508, 00139
00509, 00138
00510, 00115
00511, 00111
00512, 00125
00513, 00130
00514, 00117
00515, 00128
00516, 00124
00517, 00124
00518, 00129
00519, 00128
00520, 00130
00521, 00125
00522, 00125
00523, 00118
00524, 00132
00525, 00115
00526, 00111
00527, 00119
00528, 00107
00529, 00105
00530, 00099
00531, 00122
00532, 00121
00533, 00129
00534, 00126
00535, 00132
00536, 00103
00537, 00141
00538, 00111
00539, 00108
00540, 00101
00541, 00116
00542, 00106
00543, 00111
00544, 00117
00545, 00104
00546, 00128
00547, 00108
00548, 00092
00549, 00123
00550, 00081
00551, 00099
00552, 00108
00553, 00117
00554, 00095
00555, 00106
00556, 00096
00557, 00105
00558, 00112
00559, 00104
00560, 00125
00561, 00102
00562, 00109
00563, 00104
00564, 00106
00565, 00110
00566, 00103
00567, 00103
00568, 00113
00569, 00094
00570, 00095
00571, 00110
00572, 00088
00573, 00095
00574, 00098
00575, 00108
00576, 00096
00577, 00092
00578, 00102
00579, 00089
00580, 00106
00581, 00105
00582, 00099
00583, 00093
00584, 00088
00585, 00101
00586, 00081
00587, 00088
00588, 00076
00589, 00093
00590, 00094
00591, 00090
00592, 00077
00593, 00097
00594, 00101
00595, 00111
00596, 00101
00597, 00120
00598, 00116
00599, 00112
00600, 00096
00601, 00080
00602, 00113
00603, 00085
00604, 00083
00605, 00108
00606, 00086
00607, 00088
00608, 00103
00609, 00093
00610, 00094
00611, 00080
00612, 00086
00613, 00089
00614, 00093
00615, 00096
00616, 00100
00617, 00086
00618, 00077
00619, 00090
00620, 00077
00621, 00074
00622, 00084
00623, 00099
00624, 00086
00625, 00075
00626, 00100
00627, 00081
00628, 00096
00629, 00100
00630, 00087
00631, 00071
00632, 00078
00633, 00080
00634, 00095
00635, 00075
00636, 00073
00637, 00100
00638, 00092
00639, 00076
00640, 00085
00641, 00074
00642, 00076
00643, 00081
00644, 00076
00645, 00081
00646, 00081
00647, 00079
00648, 00079
00649, 00076
00650, 00085
00651, 00065
00652, 00062
00653, 00073
00654, 00067
00655, 00082
00656, 00070
00657, 00064
00658, 00075
00659, 00081
00660, 00079
00661, 00064
00662, 00070
00663, 00077
00664, 00069
00665, 00080
00666, 00082
00667, 00088
00668, 00061
00669, 00070
00670, 00064
00671, 00070
00672, 00076
00673, 00075
00674, 00073
00675, 00083
00676, 00061
00677, 00073
00678, 00077
00679, 00066
00680, 00070
00681, 00065
00682, 00081
00683, 00079
00684, 00069
00685, 00077
00686, 00075
00687, 00062
00688, 00074
00689, 00063
00690, 00071
00691, 00067
00692, 00070
00693, 00066
00694, 00067
00695, 00062
00696, 00057
00697, 00063
00698, 00084
00699, 00056
00700, 00054
00701, 00072
00702, 00051
00703, 00054
00704, 00058
00705, 00064
00706, 00067
00707, 00057
00708, 00059
00709, 00068
00710, 00067
00711, 00067
00712, 00062
00713, 00057
00714, 00056
00715, 00063
00716, 00069
00717, 00059
00718, 00062
00719, 00068
00720, 00075
00721, 00067
00722, 00056
00723, 00053
00724, 00064
00725, 00066
00726, 00064
00727, 00060
00728, 00053
00729, 00066
00730, 00063
00731, 00066
00732, 00067
00733, 00054
00734, 00064
00735, 00058
00736, 00054
00737, 00057
00738, 00057
00739, 00048
00740, 00048
00741, 00056
00742, 00051
00743, 00061
00744, 00052
00745, 00043
00746, 00045
00747, 00055
00748, 00053
00749, 00054
00750, 00055
00751, 00060
00752, 00050
00753, 00049
00754, 00055
00755, 00043
00756, 00040
00757, 00051
00758, 00056
00759, 00059
00760, 00059
00761, 00039
00762, 00041
00763, 00052
00764, 00044
00765, 00046
00766, 00053
00767, 00038
00768, 00054
00769, 00053
00770, 00045
00771, 00047
00772, 00060
00773, 00045
00774, 00052
00775, 00041
00776, 00047
00777, 00041
00778, 00041
00779, 00054
00780, 00049
00781, 00055
00782, 00051
00783, 00035
00784, 00040
00785, 00059
00786, 00041
00787, 00061
00788, 00051
00789, 00055
00790, 00046
00791, 00044
00792, 00047
00793, 00054
00794, 00043
00795, 00035
00796, 00038
00797, 00050
00798, 00045
00799, 00060
00800, 00055
00801, 00047
00802, 00048
00803, 00043
00804, 00049
00805, 00042
00806, 00055
00807, 00046
00808, 00039
00809, 00046
00810, 00039
00811, 00041
00812, 00039
00813, 00044
00814, 00035
00815, 00043
00816, 00048
00817, 00038
00818, 00046
00819, 00043
00820, 00037
00821, 00042
00822, 00038
00823, 00047
00824, 00041
00825, 00026
00826, 00029
00827, 00035
00828, 00036
00829, 00038
00830, 00038
00831, 00038
00832, 00045
00833, 00030
00834, 00040
00835, 00043
00836, 00043
00837, 00033
00838, 00044
00839, 00053
00840, 00043
00841, 00041
00842, 00045
00843, 00026
00844, 00030
00845, 00036
00846, 00044
00847, 00044
00848, 00033
00849, 00045
00850, 00042
00851, 00047
00852, 00051
00853, 00042
00854, 00043
00855, 00044
00856, 00039
00857, 00036
00858, 00034
00859, 00037
00860, 00048
00861, 00042
00862, 00040
00863, 00038
00864, 00045
00865, 00041
00866, 00052
00867, 00031
00868, 00029
00869, 00044
00870, 00028
00871, 00037
00872, 00034
00873, 00033
00874, 00037
00875, 00028
00876, 00044
00877, 00044
00878, 00039
00879, 00042
00880, 00030
00881, 00031
00882, 00040
00883, 00033
00884, 00040
00885, 00041
00886, 00034
00887, 00043
00888, 00036
00889, 00032
00890, 00035
00891, 00035
00892, 00040
00893, 00024
00894, 00036
00895, 00027
00896, 00038
00897, 00039
00898, 00027
00899, 00030
00900, 00041
00901, 00040
00902, 00036
00903, 00039
00904, 00046
00905, 00039
00906, 00034
00907, 00028
00908, 00035
00909, 00039
00910, 00031
00911, 00038
00912, 00030
00913, 00042
00914, 00035
00915, 00036
00916, 00040
00917, 00036
00918, 00037
00919, 00041
00920, 00041
00921, 00028
00922, 00021
00923, 00033
00924, 00032
00925, 00038
00926, 00027
00927, 00035
00928, 00030
00929, 00040
00930, 00029
00931, 00041
00932, 00035
00933, 00033
00934, 00026
00935, 00041
00936, 00033
00937, 00039
00938, 00041
00939, 00037
00940, 00040
00941, 00030
00942, 00039
00943, 00029
00944, 00039
00945, 00031
00946, 00035
00947, 00036
00948, 00039
00949, 00030
00950, 00044
00951, 00017
00952, 00021
00953, 00031
00954, 00032
00955, 00028
00956, 00024
00957, 00030
00958, 00037
00959, 00025
00960, 00039
00961, 00033
00962, 00037
00963, 00023
00964, 00024
00965, 00030
00966, 00039
00967, 00038
00968, 00031
00969, 00031
00970, 00023
00971, 00040
00972, 00027
00973, 00038
00974, 00026
00975, 00032
00976, 00013
00977, 00032
00978, 00028
00979, 00028
00980, 00034
00981, 00028
00982, 00041
00983, 00027
00984, 00030
00985, 00032
00986, 00036
00987, 00022
00988, 00026
00989, 00036
00990, 00031
00991, 00025
00992, 00028
00993, 00032
00994, 00032
00995, 00027
00996, 00034
00997, 00016
00998, 00041
00999, 00021
01000, 00030
01001, 00027
01002, 00028
01003, 00029
01004, 00018
01005, 00027
01006, 00018
01007, 00035
01008, 00020
01009, 00020
01010, 00043
01011, 00026
01012, 00022
01013, 00044
01014, 00031
01015, 00024
01016, 00034
01017, 00018
01018, 00031
01019, 00021
01020, 00029
01021, 00029
01022, 00030
01023, 00030
01024, 00026
01025, 00036
01026, 00029
01027, 00031
01028, 00029
01029, 00026
01030, 00029
01031, 00032
01032, 00025
01033, 00030
01034, 00038
01035, 00021
01036, 00020
01037, 00045
01038, 00031
01039, 00017
01040, 00023
01041, 00032
01042, 00033
01043, 00030
01044, 00017
01045, 00035
01046, 00036
01047, 00040
01048, 00023
01049, 00023
01050, 00036
01051, 00027
01052, 00035
01053, 00026
01054, 00033
01055, 00032
01056, 00033
01057, 00030
01058, 00020
01059, 00036
01060, 00031
01061, 00035
01062, 00031
01063, 00031
01064, 00041
01065, 00029
01066, 00027
01067, 00034
01068, 00025
01069, 00029
01070, 00028
01071, 00029
01072, 00023
01073, 00019
01074, 00028
01075, 00031
01076, 00035
01077, 00026
01078, 00025
01079, 00031
01080, 00029
01081, 00026
01082, 00028
01083, 00023
01084, 00026
01085, 00016
01086, 00031
01087, 00025
01088, 00027
01089, 00016
01090, 00025
01091, 00027
01092, 00023
01093, 00034
01094, 00027
01095, 00032
01096, 00035
01097, 00027
01098, 00019
01099, 00017
01100, 00036
01101, 00023
01102, 00025
01103, 00023
01104, 00024
01105, 00024
01106, 00027
01107, 00029
01108, 00024
01109, 00020
01110, 00022
01111, 00022
01112, 00015
01113, 00022
01114, 00029
01115, 00028
01116, 00026
01117, 00020
01118, 00033
01119, 00027
01120, 00028
01121, 00023
01122, 00028
01123, 00022
01124, 00020
01125, 00027
01126, 00028
01127, 00022
01128, 00025
01129, 00019
01130, 00024
01131, 00025
01132, 00014
01133, 00017
01134, 00023
01135, 00025
01136, 00020
01137, 00022
01138, 00022
01139, 00023
01140, 00027
01141, 00022
01142, 00015
01143, 00020
01144, 00019
01145, 00023
01146, 00018
01147, 00019
01148, 00030
01149, 00019
01150, 00022
01151, 00024
01152, 00020
01153, 00023
01154, 00017
01155, 00023
01156, 00027
01157, 00017
01158, 00017
01159, 00033
01160, 00023
01161, 00022
01162, 00028
01163, 00022
01164, 00010
01165, 00021
01166, 00035
01167, 00021
01168, 00023
01169, 00023
01170, 00024
01171, 00020
01172, 00020
01173, 00027
01174, 00020
01175, 00026
01176, 00023
01177, 00023
01178, 00018
01179, 00025
01180, 00018
01181, 00026
01182, 00021
01183, 00026
01184, 00017
01185, 00021
01186, 00018
01187, 00026
01188, 00022
01189, 00024
01190, 00020
01191, 00023
01192, 00026
01193, 00025
01194, 00021
01195, 00026
01196, 00022
01197, 00021
01198, 00020
01199, 00021
01200, 00017
01201, 00024
01202, 00031
01203, 00025
01204, 00026
01205, 00017
01206, 00028
01207, 00021
01208, 00018
01209, 00027
01210, 00024
01211, 00018
01212, 00022
01213, 00016
01214, 00027
01215, 00023
01216, 00020
01217, 00025
01218, 00016
01219, 00027
01220, 00020
01221, 00023
01222, 00032
01223, 00016
01224, 00028
01225, 00025
01226, 00028
01227, 00022
01228, 00020
01229, 00019
01230, 00025
01231, 00026
01232, 00022
01233, 00024
01234, 00017
01235, 00022
01236, 00014
01237, 00024
01238, 00015
01239, 00020
01240, 00015
01241, 00021
01242, 00018
01243, 00010
01244, 00022
01245, 00013
01246, 00021
01247, 00017
01248, 00016
01249, 00023
01250, 00021
01251, 00016
01252, 00018
01253, 00017
01254, 00022
01255, 00020
01256, 00017
01257, 00022
01258, 00020
01259, 00018
01260, 00018
01261, 00017
01262, 00024
01263, 00023
01264, 00017
01265, 00017
01266, 00017
01267, 00021
01268, 00011
01269, 00021
01270, 00018
01271, 00021
01272, 00014
01273, 00010
01274, 00012
01275, 00023
01276, 00021
01277, 00021
01278, 00021
01279, 00020
01280, 00021
01281, 00017
01282, 00015
01283, 00016
01284, 00022
01285, 00017
01286, 00019
01287, 00012
01288, 00015
01289, 00019
01290, 00016
01291, 00027
01292, 00013
01293, 00020
01294, 00013
01295, 00025
01296, 00015
01297, 00018
01298, 00022
01299, 00015
01300, 00019
01301, 00019
01302, 00018
01303, 00023
01304, 00017
01305, 00022
01306, 00013
01307, 00016
01308, 00015
01309, 00019
01310, 00015
01311, 00012
01312, 00019
01313, 00015
01314, 00014
01315, 00018
01316, 00015
01317, 00016
01318, 00013
01319, 00015
01320, 00012
01321, 00020
01322, 00020
01323, 00014
01324, 00016
01325, 00019
01326, 00020
01327, 00019
01328, 00015
01329, 00021
01330, 00021
01331, 00020
01332, 00016
01333, 00029
01334, 00021
01335, 00020
01336, 00017
01337, 00019
01338, 00019
01339, 00017
01340, 00017
01341, 00014
01342, 00017
01343, 00016
01344, 00024
01345, 00020
01346, 00015
01347, 00016
01348, 00014
01349, 00015
01350, 00014
01351, 00015
01352, 00014
01353, 00008
01354, 00012
01355, 00020
01356, 00014
01357, 00017
01358, 00018
01359, 00023
01360, 00014
01361, 00020
01362, 00015
01363, 00016
01364, 00020
01365, 00020
01366, 00014
01367, 00012
01368, 00018
01369, 00018
01370, 00017
01371, 00008
01372, 00015
01373, 00024
01374, 00013
01375, 00019
01376, 00021
01377, 00015
01378, 00022
01379, 00020
01380, 00018
01381, 00007
01382, 00013
01383, 00012
01384, 00019
01385, 00013
01386, 00013
01387, 00015
01388, 00017
01389, 00018
01390, 00014
01391, 00015
01392, 00013
01393, 00020
01394, 00019
01395, 00016
01396, 00011
01397, 00016
01398, 00019
01399, 00016
01400, 00011
01401, 00020
01402, 00013
01403, 00012
01404, 00018
01405, 00015
01406, 00012
01407, 00013
01408, 00009
01409, 00013
01410, 00009
01411, 00012
01412, 00012
01413, 00012
01414, 00010
01415, 00018
01416, 00003
01417, 00020
01418, 00015
01419, 00016
01420, 00015
01421, 00009
01422, 00015
01423, 00013
01424, 00019
01425, 00022
01426, 00016
01427, 00014
01428, 00015
01429, 00018
01430, 00014
01431, 00012
01432, 00016
01433, 00013
01434, 00022
01435, 00012
01436, 00026
01437, 00011
01438, 00013
01439, 00011
01440, 00022
01441, 00013
01442, 00010
01443, 00014
01444, 00015
01445, 00015
01446, 00012
01447, 00021
01448, 00013
01449, 00008
01450, 00016
01451, 00012
01452, 00017
01453, 00013
01454, 00016
01455, 00017
01456, 00012
01457, 00015
01458, 00010
01459, 00012
01460, 00017
01461, 00011
01462, 00010
01463, 00011
01464, 00017
01465, 00006
01466, 00015
01467, 00012
01468, 00018
01469, 00021
01470, 00007
01471, 00019
01472, 00022
01473, 00015
01474, 00012
01475, 00016
01476, 00018
01477, 00014
01478, 00014
01479, 00018
01480, 00017
01481, 00008
01482, 00012
01483, 00016
01484, 00016
01485, 00008
01486, 00016
01487, 00013
01488, 00012
01489, 00008
01490, 00014
01491, 00012
01492, 00016
01493, 00010
01494, 00015
01495, 00012
01496, 00009
01497, 00008
01498, 00016
01499, 00014
01500, 00016
01501, 00019
01502, 00013
01503, 00009
01504, 00015
01505, 00014
01506, 00022
01507, 00012
01508, 00011
01509, 00017
01510, 00011
01511, 00010
01512, 00010
01513, 00017
01514, 00011
01515, 00012
01516, 00008
01517, 00012
01518, 00015
01519, 00010
01520, 00013
01521, 00009
01522, 00012
01523, 00009
01524, 00016
01525, 00009
01526, 00019
01527, 00012
01528, 00016
01529, 00013
01530, 00010
01531, 00011
01532, 00011
01533, 00005
01534, 00012
01535, 00011
01536, 00018
01537, 00016
01538, 00013
01539, 00009
01540, 00012
01541, 00016
01542, 00005
01543, 00017
01544, 00012
01545, 00017
01546, 00008
01547, 00010
01548, 00004
01549, 00013
01550, 00020
01551, 00018
01552, 00010
01553, 00017
01554, 00012
01555, 00011
01556, 00012
01557, 00010
01558, 00007
01559, 00010
01560, 00011
01561, 00010
01562, 00007
01563, 00013
01564, 00009
01565, 00011
01566, 00007
01567, 00013
01568, 00014
01569, 00010
01570, 00019
01571, 00010
01572, 00018
01573, 00017
01574, 00013
01575, 00012
01576, 00014
01577, 00010
01578, 00010
01579, 00009
01580, 00016
01581, 00010
01582, 00014
01583, 00014
01584, 00016
01585, 00015
01586, 00007
01587, 00007
01588, 00011
01589, 00014
01590, 00008
01591, 00010
01592, 00011
01593, 00011
01594, 00013
01595, 00016
01596, 00011
01597, 00010
01598, 00010
01599, 00013
01600, 00007
01601, 00012
01602, 00014
01603, 00016
01604, 00010
01605, 00007
01606, 00010
01607, 00012
01608, 00010
01609, 00011
01610, 00010
01611, 00013
01612, 00019
01613, 00009
01614, 00005
01615, 00007
01616, 00010
01617, 00012
01618, 00023
01619, 00011
01620, 00011
01621, 00014
01622, 00008
01623, 00020
01624, 00005
01625, 00011
01626, 00008
01627, 00006
01628, 00005
01629, 00009
01630, 00015
01631, 00010
01632, 00014
01633, 00013
01634, 00012
01635, 00014
01636, 00017
01637, 00010
01638, 00010
01639, 00008
01640, 00010
01641, 00012
01642, 00014
01643, 00014
01644, 00010
01645, 00010
01646, 00015
01647, 00015
01648, 00009
01649, 00009
01650, 00009
01651, 00016
01652, 00013
01653, 00015
01654, 00016
01655, 00010
01656, 00012
01657, 00009
01658, 00007
01659, 00013
01660, 00014
01661, 00008
01662, 00010
01663, 00012
01664, 00013
01665, 00014
01666, 00011
01667, 00011
01668, 00009
01669, 00011
01670, 00015
01671, 00008
01672, 00012
01673, 00009
01674, 00007
01675, 00012
01676, 00016
01677, 00009
01678, 00009
01679, 00014
01680, 00015
01681, 00010
01682, 00013
01683, 00010
01684, 00011
01685, 00019
01686, 00011
01687, 00012
01688, 00004
01689, 00018
01690, 00011
01691, 00016
01692, 00006
01693, 00016
01694, 00014
01695, 00009
01696, 00010
01697, 00009
01698, 00017
01699, 00006
01700, 00008
01701, 00015
01702, 00015
01703, 00015
01704, 00018
01705, 00012
01706, 00017
01707, 00014
01708, 00014
01709, 00012
01710, 00011
01711, 00013
01712, 00010
01713, 00013
01714, 00015
01715, 00014
01716, 00008
01717, 00009
01718, 00013
01719, 00010
01720, 00011
01721, 00010
01722, 00005
01723, 00011
01724, 00013
01725, 00013
01726, 00003
01727, 00016
01728, 00009
01729, 00010
01730, 00006
01731, 00013
01732, 00014
01733, 00008
01734, 00016
01735, 00009
01736, 00012
01737, 00009
01738, 00009
01739, 00008
01740, 00009
01741, 00009
01742, 00010
01743, 00011
01744, 00007
01745, 00012
01746, 00010
01747, 00011
01748, 00012
01749, 00007
01750, 00008
01751, 00008
01752, 00008
01753, 00009
01754, 00013
01755, 00006
01756, 00013
01757, 00012
01758, 00009
01759, 00008
01760, 00008
01761, 00019
01762, 00017
01763, 00010
01764, 00009
01765, 00010
01766, 00010
01767, 00013
01768, 00012
01769, 00018
01770, 00015
01771, 00012
01772, 00005
01773, 00011
01774, 00008
01775, 00009
01776, 00011
01777, 00013
01778, 00005
01779, 00007
01780, 00008
01781, 00012
01782, 00007
01783, 00008
01784, 00015
01785, 00011
01786, 00012
01787, 00006
01788, 00017
01789, 00010
01790, 00010
01791, 00016
01792, 00010
01793, 00015
01794, 00010
01795, 00005
01796, 00010
01797, 00007
01798, 00010
01799, 00015
01800, 00010
01801, 00009
01802, 00010
01803, 00005
01804, 00009
01805, 00014
01806, 00004
01807, 00006
01808, 00012
01809, 00011
01810, 00017
01811, 00010
01812, 00017
01813, 00012
01814, 00014
01815, 00015
01816, 00005
01817, 00010
01818, 00010
01819, 00006
01820, 00008
01821, 00014
01822, 00012
01823, 00012
01824, 00014
01825, 00012
01826, 00002
01827, 00009
01828, 00011
01829, 00007
01830, 00005
01831, 00010
01832, 00010
01833, 00011
01834, 00009
01835, 00008
01836, 00006
01837, 00009
01838, 00013
01839, 00007
01840, 00011
01841, 00009
01842, 00012
01843, 00012
01844, 00004
01845, 00008
01846, 00011
01847, 00014
01848, 00013
01849, 00006
01850, 00008
01851, 00010
01852, 00008
01853, 00008
01854, 00005
01855, 00011
01856, 00010
01857, 00011
01858, 00007
01859, 00014
01860, 00005
01861, 00015
01862, 00008
01863, 00009
01864, 00004
01865, 00013
01866, 00007
01867, 00008
01868, 00010
01869, 00013
01870, 00009
01871, 00009
01872, 00010
01873, 00005
01874, 00009
01875, 00009
01876, 00008
01877, 00008
01878, 00011
01879, 00009
01880, 00010
01881, 00007
01882, 00010
01883, 00005
01884, 00013
01885, 00007
01886, 00010
01887, 00004
01888, 00007
01889, 00007
01890, 00005
01891, 00007
01892, 00011
01893, 00004
01894, 00011
01895, 00010
01896, 00010
01897, 00009
01898, 00003
01899, 00012
01900, 00006
01901, 00012
01902, 00007
01903, 00008
01904, 00005
01905, 00011
01906, 00010
01907, 00009
01908, 00007
01909, 00016
01910, 00010
01911, 00006
01912, 00008
01913, 00011
01914, 00008
01915, 00006
01916, 00014
01917, 00008
01918, 00010
01919, 00011
01920, 00009
01921, 00014
01922, 00012
01923, 00006
01924, 00007
01925, 00011
01926, 00013
01927, 00001
01928, 00008
01929, 00010
01930, 00009
01931, 00003
01932, 00009
01933, 00006
01934, 00007
01935, 00014
01936, 00004
01937, 00008
01938, 00006
01939, 00009
01940, 00006
01941, 00013
01942, 00011
01943, 00011
01944, 00002
01945, 00006
01946, 00005
01947, 00005
01948, 00010
01949, 00007
01950, 00005
01951, 00005
01952, 00011
01953, 00003
01954, 00005
01955, 00006
01956, 00002
01957, 00004
01958, 00005
01959, 00005
01960, 00008
01961, 00009
01962, 00004
01963, 00006
01964, 00005
01965, 00009
01966, 00006
01967, 00010
01968, 00010
01969, 00005
01970, 00003
01971, 00005
01972, 00008
01973, 00002
01974, 00004
01975, 00005
01976, 00005
01977, 00007
01978, 00011
01979, 00005
01980, 00007
01981, 00004
01982, 00005
01983, 00007
01984, 00005
01985, 00002
01986, 00004
01987, 00006
01988, 00007
01989, 00004
01990, 00007
01991, 00005
01992, 00007
01993, 00006
01994, 00003
01995, 00004
01996, 00006
01997, 00004
01998, 00007
01999, 00009
02000, 00006
02001, 00008
02002, 00007
02003, 00007
02004, 00005
02005, 00006
02006, 00009
02007, 00008
02008, 00003
02009, 00004
02010, 00004
02011, 00004
02012, 00004
02013, 00006
02014, 00009
02015, 00002
02016, 00005
02017, 00004
02018, 00003
02019, 00004
02020, 00003
02021, 00009
02022, 00000
02023, 00007
02024, 00005
02025, 00003
02026, 00006
02027, 00002
02028, 00005
02029, 00002
02030, 00008
02031, 00002
02032, 00003
02033, 00006
02034, 00004
02035, 00003
02036, 00007
02037, 00003
02038, 00001
02039, 00007
02040, 00004
02041, 00003
02042, 00003
02043, 00007
02044, 00003
02045, 00006
02046, 00002
02047, 00003
