Index, Value
14336, 00002
14337, 00003
14338, 00001
14339, 00001
14340, 00001
14341, 00002
14342, 00001
14343, 00001
14344, 00001
14345, 00002
14346, 00001
14347, 00001
14348, 00001
14349, 00001
14350, 00000
14351, 00003
14352, 00001
14353, 00000
14354, 00000
14355, 00000
14356, 00000
14357, 00001
14358, 00003
14359, 00000
14360, 00001
14361, 00001
14362, 00001
14363, 00000
14364, 00000
14365, 00000
14366, 00001
14367, 00000
14368, 00000
14369, 00001
14370, 00001
14371, 00003
14372, 00000
14373, 00001
14374, 00002
14375, 00000
14376, 00000
14377, 00000
14378, 00000
14379, 00001
14380, 00001
14381, 00001
14382, 00000
14383, 00001
14384, 00000
14385, 00001
14386, 00000
14387, 00003
14388, 00000
14389, 00000
14390, 00002
14391, 00000
14392, 00001
14393, 00002
14394, 00001
14395, 00001
14396, 00000
14397, 00000
14398, 00000
14399, 00000
14400, 00001
14401, 00001
14402, 00001
14403, 00001
14404, 00000
14405, 00001
14406, 00001
14407, 00000
14408, 00001
14409, 00002
14410, 00001
14411, 00001
14412, 00000
14413, 00001
14414, 00000
14415, 00001
14416, 00002
14417, 00000
14418, 00000
14419, 00000
14420, 00001
14421, 00000
14422, 00001
14423, 00000
14424, 00005
14425, 00000
14426, 00000
14427, 00000
14428, 00001
14429, 00002
14430, 00000
14431, 00000
14432, 00000
14433, 00001
14434, 00002
14435, 00000
14436, 00001
14437, 00000
14438, 00000
14439, 00000
14440, 00001
14441, 00001
14442, 00000
14443, 00000
14444, 00000
14445, 00000
14446, 00000
14447, 00001
14448, 00001
14449, 00001
14450, 00001
14451, 00001
14452, 00000
14453, 00001
14454, 00000
14455, 00004
14456, 00000
14457, 00001
14458, 00002
14459, 00001
14460, 00001
14461, 00001
14462, 00001
14463, 00001
14464, 00000
14465, 00001
14466, 00001
14467, 00001
14468, 00001
14469, 00000
14470, 00002
14471, 00000
14472, 00000
14473, 00001
14474, 00001
14475, 00000
14476, 00000
14477, 00001
14478, 00000
14479, 00004
14480, 00004
14481, 00000
14482, 00001
14483, 00001
14484, 00000
14485, 00002
14486, 00000
14487, 00001
14488, 00001
14489, 00000
14490, 00000
14491, 00000
14492, 00002
14493, 00001
14494, 00001
14495, 00000
14496, 00001
14497, 00002
14498, 00000
14499, 00001
14500, 00000
14501, 00001
14502, 00000
14503, 00000
14504, 00001
14505, 00000
14506, 00000
14507, 00000
14508, 00000
14509, 00000
14510, 00001
14511, 00000
14512, 00000
14513, 00004
14514, 00002
14515, 00002
14516, 00001
14517, 00000
14518, 00000
14519, 00002
14520, 00000
14521, 00000
14522, 00000
14523, 00000
14524, 00000
14525, 00000
14526, 00001
14527, 00000
14528, 00002
14529, 00001
14530, 00000
14531, 00000
14532, 00000
14533, 00001
14534, 00001
14535, 00000
14536, 00000
14537, 00001
14538, 00000
14539, 00001
14540, 00001
14541, 00000
14542, 00001
14543, 00002
14544, 00000
14545, 00002
14546, 00002
14547, 00001
14548, 00000
14549, 00000
14550, 00001
14551, 00000
14552, 00000
14553, 00002
14554, 00001
14555, 00000
14556, 00002
14557, 00002
14558, 00000
14559, 00001
14560, 00000
14561, 00000
14562, 00000
14563, 00003
14564, 00000
14565, 00000
14566, 00002
14567, 00001
14568, 00003
14569, 00000
14570, 00001
14571, 00001
14572, 00000
14573, 00001
14574, 00000
14575, 00001
14576, 00000
14577, 00001
14578, 00001
14579, 00000
14580, 00000
14581, 00000
14582, 00000
14583, 00000
14584, 00002
14585, 00000
14586, 00002
14587, 00002
14588, 00002
14589, 00002
14590, 00001
14591, 00001
14592, 00001
14593, 00001
14594, 00000
14595, 00002
14596, 00000
14597, 00001
14598, 00000
14599, 00000
14600, 00001
14601, 00000
14602, 00001
14603, 00001
14604, 00001
14605, 00000
14606, 00000
14607, 00000
14608, 00000
14609, 00001
14610, 00000
14611, 00000
14612, 00003
14613, 00001
14614, 00000
14615, 00000
14616, 00002
14617, 00001
14618, 00000
14619, 00001
14620, 00002
14621, 00000
14622, 00001
14623, 00002
14624, 00001
14625, 00000
14626, 00000
14627, 00001
14628, 00000
14629, 00000
14630, 00000
14631, 00002
14632, 00001
14633, 00001
14634, 00001
14635, 00000
14636, 00000
14637, 00000
14638, 00001
14639, 00002
14640, 00000
14641, 00001
14642, 00000
14643, 00001
14644, 00001
14645, 00001
14646, 00001
14647, 00000
14648, 00001
14649, 00002
14650, 00000
14651, 00001
14652, 00000
14653, 00000
14654, 00002
14655, 00000
14656, 00000
14657, 00001
14658, 00000
14659, 00000
14660, 00000
14661, 00000
14662, 00001
14663, 00000
14664, 00000
14665, 00000
14666, 00000
14667, 00001
14668, 00002
14669, 00001
14670, 00001
14671, 00001
14672, 00001
14673, 00000
14674, 00001
14675, 00002
14676, 00002
14677, 00001
14678, 00000
14679, 00000
14680, 00000
14681, 00000
14682, 00000
14683, 00001
14684, 00000
14685, 00001
14686, 00001
14687, 00000
14688, 00003
14689, 00001
14690, 00000
14691, 00002
14692, 00000
14693, 00000
14694, 00001
14695, 00001
14696, 00001
14697, 00002
14698, 00000
14699, 00000
14700, 00000
14701, 00001
14702, 00000
14703, 00000
14704, 00000
14705, 00002
14706, 00000
14707, 00002
14708, 00000
14709, 00001
14710, 00000
14711, 00001
14712, 00001
14713, 00000
14714, 00000
14715, 00000
14716, 00001
14717, 00001
14718, 00000
14719, 00000
14720, 00000
14721, 00000
14722, 00000
14723, 00001
14724, 00001
14725, 00000
14726, 00001
14727, 00003
14728, 00001
14729, 00000
14730, 00000
14731, 00000
14732, 00001
14733, 00002
14734, 00000
14735, 00001
14736, 00002
14737, 00001
14738, 00000
14739, 00000
14740, 00000
14741, 00000
14742, 00000
14743, 00000
14744, 00000
14745, 00001
14746, 00000
14747, 00000
14748, 00000
14749, 00000
14750, 00000
14751, 00001
14752, 00000
14753, 00000
14754, 00000
14755, 00001
14756, 00001
14757, 00001
14758, 00000
14759, 00002
14760, 00000
14761, 00000
14762, 00000
14763, 00000
14764, 00000
14765, 00000
14766, 00000
14767, 00000
14768, 00000
14769, 00000
14770, 00001
14771, 00000
14772, 00000
14773, 00000
14774, 00000
14775, 00000
14776, 00000
14777, 00001
14778, 00000
14779, 00000
14780, 00000
14781, 00000
14782, 00001
14783, 00000
14784, 00000
14785, 00000
14786, 00000
14787, 00002
14788, 00000
14789, 00000
14790, 00000
14791, 00000
14792, 00001
14793, 00000
14794, 00000
14795, 00000
14796, 00000
14797, 00000
14798, 00001
14799, 00000
14800, 00000
14801, 00000
14802, 00000
14803, 00000
14804, 00000
14805, 00000
14806, 00000
14807, 00000
14808, 00000
14809, 00001
14810, 00000
14811, 00001
14812, 00000
14813, 00000
14814, 00002
14815, 00001
14816, 00002
14817, 00000
14818, 00000
14819, 00001
14820, 00000
14821, 00002
14822, 00000
14823, 00001
14824, 00001
14825, 00000
14826, 00000
14827, 00001
14828, 00000
14829, 00001
14830, 00000
14831, 00000
14832, 00002
14833, 00000
14834, 00000
14835, 00001
14836, 00000
14837, 00001
14838, 00000
14839, 00000
14840, 00001
14841, 00003
14842, 00001
14843, 00001
14844, 00000
14845, 00001
14846, 00002
14847, 00000
14848, 00000
14849, 00001
14850, 00001
14851, 00001
14852, 00000
14853, 00000
14854, 00000
14855, 00000
14856, 00000
14857, 00000
14858, 00000
14859, 00001
14860, 00001
14861, 00001
14862, 00002
14863, 00001
14864, 00002
14865, 00000
14866, 00000
14867, 00000
14868, 00001
14869, 00001
14870, 00001
14871, 00000
14872, 00000
14873, 00001
14874, 00000
14875, 00000
14876, 00000
14877, 00001
14878, 00002
14879, 00001
14880, 00001
14881, 00002
14882, 00000
14883, 00001
14884, 00000
14885, 00000
14886, 00000
14887, 00001
14888, 00000
14889, 00000
14890, 00000
14891, 00001
14892, 00000
14893, 00000
14894, 00001
14895, 00000
14896, 00001
14897, 00001
14898, 00001
14899, 00001
14900, 00000
14901, 00001
14902, 00000
14903, 00002
14904, 00001
14905, 00000
14906, 00000
14907, 00001
14908, 00000
14909, 00002
14910, 00000
14911, 00001
14912, 00000
14913, 00001
14914, 00000
14915, 00000
14916, 00000
14917, 00000
14918, 00001
14919, 00000
14920, 00001
14921, 00000
14922, 00001
14923, 00001
14924, 00001
14925, 00000
14926, 00000
14927, 00001
14928, 00000
14929, 00001
14930, 00001
14931, 00000
14932, 00001
14933, 00000
14934, 00000
14935, 00000
14936, 00000
14937, 00000
14938, 00000
14939, 00000
14940, 00000
14941, 00000
14942, 00001
14943, 00001
14944, 00002
14945, 00000
14946, 00002
14947, 00000
14948, 00002
14949, 00000
14950, 00000
14951, 00000
14952, 00002
14953, 00001
14954, 00001
14955, 00000
14956, 00001
14957, 00000
14958, 00001
14959, 00000
14960, 00001
14961, 00000
14962, 00000
14963, 00000
14964, 00000
14965, 00000
14966, 00000
14967, 00000
14968, 00001
14969, 00002
14970, 00000
14971, 00001
14972, 00002
14973, 00000
14974, 00001
14975, 00000
14976, 00000
14977, 00001
14978, 00000
14979, 00000
14980, 00000
14981, 00000
14982, 00001
14983, 00003
14984, 00000
14985, 00000
14986, 00001
14987, 00000
14988, 00001
14989, 00000
14990, 00000
14991, 00002
14992, 00000
14993, 00001
14994, 00001
14995, 00000
14996, 00000
14997, 00000
14998, 00000
14999, 00000
15000, 00000
15001, 00000
15002, 00000
15003, 00000
15004, 00001
15005, 00000
15006, 00001
15007, 00000
15008, 00001
15009, 00000
15010, 00001
15011, 00000
15012, 00001
15013, 00000
15014, 00000
15015, 00000
15016, 00001
15017, 00000
15018, 00000
15019, 00001
15020, 00000
15021, 00001
15022, 00001
15023, 00001
15024, 00001
15025, 00000
15026, 00001
15027, 00001
15028, 00000
15029, 00001
15030, 00000
15031, 00000
15032, 00001
15033, 00001
15034, 00002
15035, 00000
15036, 00000
15037, 00000
15038, 00000
15039, 00002
15040, 00001
15041, 00000
15042, 00000
15043, 00001
15044, 00000
15045, 00000
15046, 00000
15047, 00000
15048, 00001
15049, 00000
15050, 00001
15051, 00002
15052, 00000
15053, 00000
15054, 00002
15055, 00000
15056, 00000
15057, 00001
15058, 00000
15059, 00000
15060, 00000
15061, 00001
15062, 00000
15063, 00001
15064, 00000
15065, 00000
15066, 00001
15067, 00000
15068, 00000
15069, 00001
15070, 00000
15071, 00000
15072, 00001
15073, 00000
15074, 00000
15075, 00000
15076, 00000
15077, 00000
15078, 00000
15079, 00000
15080, 00000
15081, 00001
15082, 00000
15083, 00000
15084, 00000
15085, 00000
15086, 00000
15087, 00000
15088, 00001
15089, 00000
15090, 00001
15091, 00000
15092, 00001
15093, 00000
15094, 00000
15095, 00001
15096, 00000
15097, 00000
15098, 00000
15099, 00001
15100, 00000
15101, 00000
15102, 00000
15103, 00001
15104, 00000
15105, 00001
15106, 00001
15107, 00000
15108, 00000
15109, 00000
15110, 00000
15111, 00001
15112, 00000
15113, 00001
15114, 00000
15115, 00001
15116, 00000
15117, 00000
15118, 00000
15119, 00000
15120, 00000
15121, 00000
15122, 00000
15123, 00000
15124, 00000
15125, 00000
15126, 00002
15127, 00000
15128, 00001
15129, 00000
15130, 00000
15131, 00001
15132, 00001
15133, 00002
15134, 00000
15135, 00001
15136, 00000
15137, 00000
15138, 00000
15139, 00001
15140, 00000
15141, 00001
15142, 00000
15143, 00000
15144, 00000
15145, 00000
15146, 00000
15147, 00001
15148, 00001
15149, 00001
15150, 00001
15151, 00000
15152, 00000
15153, 00000
15154, 00000
15155, 00000
15156, 00001
15157, 00001
15158, 00001
15159, 00000
15160, 00000
15161, 00000
15162, 00000
15163, 00000
15164, 00000
15165, 00000
15166, 00000
15167, 00000
15168, 00001
15169, 00001
15170, 00000
15171, 00001
15172, 00000
15173, 00000
15174, 00000
15175, 00000
15176, 00001
15177, 00000
15178, 00001
15179, 00000
15180, 00001
15181, 00000
15182, 00001
15183, 00001
15184, 00000
15185, 00000
15186, 00001
15187, 00001
15188, 00000
15189, 00000
15190, 00000
15191, 00000
15192, 00000
15193, 00000
15194, 00000
15195, 00000
15196, 00000
15197, 00000
15198, 00001
15199, 00000
15200, 00000
15201, 00001
15202, 00000
15203, 00000
15204, 00001
15205, 00000
15206, 00000
15207, 00000
15208, 00000
15209, 00001
15210, 00000
15211, 00003
15212, 00000
15213, 00000
15214, 00001
15215, 00002
15216, 00000
15217, 00001
15218, 00001
15219, 00001
15220, 00000
15221, 00001
15222, 00000
15223, 00000
15224, 00000
15225, 00000
15226, 00000
15227, 00001
15228, 00001
15229, 00000
15230, 00001
15231, 00000
15232, 00000
15233, 00000
15234, 00000
15235, 00001
15236, 00001
15237, 00000
15238, 00001
15239, 00000
15240, 00000
15241, 00000
15242, 00002
15243, 00001
15244, 00000
15245, 00000
15246, 00001
15247, 00001
15248, 00000
15249, 00001
15250, 00000
15251, 00000
15252, 00000
15253, 00000
15254, 00001
15255, 00000
15256, 00002
15257, 00000
15258, 00001
15259, 00000
15260, 00001
15261, 00000
15262, 00002
15263, 00000
15264, 00002
15265, 00000
15266, 00000
15267, 00000
15268, 00000
15269, 00000
15270, 00000
15271, 00001
15272, 00000
15273, 00000
15274, 00001
15275, 00000
15276, 00000
15277, 00001
15278, 00000
15279, 00000
15280, 00002
15281, 00000
15282, 00000
15283, 00000
15284, 00000
15285, 00000
15286, 00000
15287, 00000
15288, 00000
15289, 00000
15290, 00000
15291, 00000
15292, 00000
15293, 00000
15294, 00001
15295, 00001
15296, 00000
15297, 00001
15298, 00000
15299, 00001
15300, 00001
15301, 00000
15302, 00000
15303, 00000
15304, 00000
15305, 00000
15306, 00000
15307, 00000
15308, 00000
15309, 00000
15310, 00000
15311, 00000
15312, 00000
15313, 00000
15314, 00000
15315, 00000
15316, 00000
15317, 00000
15318, 00000
15319, 00000
15320, 00000
15321, 00001
15322, 00000
15323, 00000
15324, 00000
15325, 00000
15326, 00001
15327, 00000
15328, 00000
15329, 00001
15330, 00000
15331, 00000
15332, 00000
15333, 00000
15334, 00000
15335, 00000
15336, 00001
15337, 00001
15338, 00001
15339, 00000
15340, 00001
15341, 00000
15342, 00001
15343, 00000
15344, 00000
15345, 00000
15346, 00001
15347, 00000
15348, 00000
15349, 00001
15350, 00001
15351, 00000
15352, 00000
15353, 00000
15354, 00000
15355, 00001
15356, 00000
15357, 00000
15358, 00001
15359, 00000
15360, 00001
15361, 00001
15362, 00000
15363, 00001
15364, 00000
15365, 00000
15366, 00000
15367, 00000
15368, 00000
15369, 00000
15370, 00000
15371, 00000
15372, 00000
15373, 00000
15374, 00000
15375, 00000
15376, 00000
15377, 00000
15378, 00001
15379, 00000
15380, 00000
15381, 00001
15382, 00000
15383, 00000
15384, 00000
15385, 00000
15386, 00000
15387, 00000
15388, 00000
15389, 00000
15390, 00000
15391, 00000
15392, 00000
15393, 00000
15394, 00000
15395, 00000
15396, 00001
15397, 00001
15398, 00001
15399, 00001
15400, 00000
15401, 00000
15402, 00000
15403, 00001
15404, 00001
15405, 00000
15406, 00000
15407, 00000
15408, 00000
15409, 00000
15410, 00000
15411, 00000
15412, 00000
15413, 00000
15414, 00000
15415, 00000
15416, 00000
15417, 00000
15418, 00000
15419, 00000
15420, 00000
15421, 00000
15422, 00000
15423, 00001
15424, 00000
15425, 00001
15426, 00000
15427, 00000
15428, 00000
15429, 00000
15430, 00000
15431, 00000
15432, 00001
15433, 00003
15434, 00000
15435, 00000
15436, 00000
15437, 00001
15438, 00000
15439, 00001
15440, 00000
15441, 00001
15442, 00000
15443, 00000
15444, 00000
15445, 00000
15446, 00000
15447, 00000
15448, 00000
15449, 00001
15450, 00000
15451, 00000
15452, 00000
15453, 00000
15454, 00000
15455, 00000
15456, 00000
15457, 00000
15458, 00000
15459, 00000
15460, 00001
15461, 00001
15462, 00000
15463, 00000
15464, 00000
15465, 00000
15466, 00001
15467, 00000
15468, 00002
15469, 00000
15470, 00001
15471, 00000
15472, 00000
15473, 00000
15474, 00000
15475, 00000
15476, 00000
15477, 00000
15478, 00000
15479, 00000
15480, 00000
15481, 00000
15482, 00000
15483, 00000
15484, 00000
15485, 00001
15486, 00000
15487, 00000
15488, 00000
15489, 00001
15490, 00000
15491, 00002
15492, 00000
15493, 00000
15494, 00000
15495, 00000
15496, 00000
15497, 00000
15498, 00000
15499, 00000
15500, 00001
15501, 00000
15502, 00000
15503, 00000
15504, 00000
15505, 00000
15506, 00000
15507, 00000
15508, 00000
15509, 00000
15510, 00001
15511, 00000
15512, 00000
15513, 00000
15514, 00000
15515, 00000
15516, 00000
15517, 00000
15518, 00000
15519, 00000
15520, 00000
15521, 00000
15522, 00000
15523, 00000
15524, 00000
15525, 00000
15526, 00000
15527, 00000
15528, 00000
15529, 00000
15530, 00001
15531, 00000
15532, 00000
15533, 00000
15534, 00000
15535, 00000
15536, 00000
15537, 00000
15538, 00000
15539, 00000
15540, 00000
15541, 00000
15542, 00000
15543, 00000
15544, 00000
15545, 00000
15546, 00000
15547, 00000
15548, 00000
15549, 00000
15550, 00000
15551, 00000
15552, 00000
15553, 00000
15554, 00000
15555, 00001
15556, 00000
15557, 00002
15558, 00000
15559, 00000
15560, 00000
15561, 00000
15562, 00000
15563, 00000
15564, 00001
15565, 00000
15566, 00000
15567, 00002
15568, 00000
15569, 00000
15570, 00000
15571, 00000
15572, 00000
15573, 00000
15574, 00000
15575, 00000
15576, 00000
15577, 00000
15578, 00001
15579, 00000
15580, 00000
15581, 00000
15582, 00000
15583, 00000
15584, 00000
15585, 00000
15586, 00000
15587, 00001
15588, 00000
15589, 00000
15590, 00000
15591, 00001
15592, 00000
15593, 00000
15594, 00000
15595, 00001
15596, 00000
15597, 00000
15598, 00001
15599, 00000
15600, 00000
15601, 00001
15602, 00000
15603, 00000
15604, 00001
15605, 00001
15606, 00000
15607, 00000
15608, 00002
15609, 00000
15610, 00000
15611, 00000
15612, 00000
15613, 00000
15614, 00000
15615, 00000
15616, 00000
15617, 00000
15618, 00000
15619, 00000
15620, 00000
15621, 00000
15622, 00000
15623, 00000
15624, 00000
15625, 00000
15626, 00000
15627, 00000
15628, 00000
15629, 00000
15630, 00000
15631, 00000
15632, 00000
15633, 00000
15634, 00000
15635, 00000
15636, 00001
15637, 00000
15638, 00001
15639, 00000
15640, 00000
15641, 00000
15642, 00000
15643, 00000
15644, 00000
15645, 00000
15646, 00000
15647, 00000
15648, 00000
15649, 00000
15650, 00000
15651, 00000
15652, 00000
15653, 00000
15654, 00000
15655, 00000
15656, 00000
15657, 00000
15658, 00001
15659, 00000
15660, 00000
15661, 00000
15662, 00000
15663, 00000
15664, 00000
15665, 00000
15666, 00000
15667, 00000
15668, 00000
15669, 00000
15670, 00000
15671, 00000
15672, 00000
15673, 00000
15674, 00001
15675, 00000
15676, 00000
15677, 00000
15678, 00000
15679, 00001
15680, 00000
15681, 00001
15682, 00001
15683, 00000
15684, 00000
15685, 00000
15686, 00000
15687, 00000
15688, 00001
15689, 00000
15690, 00000
15691, 00000
15692, 00000
15693, 00000
15694, 00000
15695, 00000
15696, 00000
15697, 00000
15698, 00001
15699, 00000
15700, 00000
15701, 00001
15702, 00000
15703, 00000
15704, 00000
15705, 00000
15706, 00000
15707, 00001
15708, 00001
15709, 00000
15710, 00000
15711, 00000
15712, 00000
15713, 00000
15714, 00000
15715, 00000
15716, 00000
15717, 00000
15718, 00000
15719, 00000
15720, 00000
15721, 00000
15722, 00000
15723, 00000
15724, 00000
15725, 00000
15726, 00000
15727, 00000
15728, 00000
15729, 00000
15730, 00000
15731, 00000
15732, 00000
15733, 00000
15734, 00000
15735, 00000
15736, 00000
15737, 00000
15738, 00000
15739, 00000
15740, 00000
15741, 00000
15742, 00000
15743, 00000
15744, 00000
15745, 00000
15746, 00000
15747, 00000
15748, 00000
15749, 00000
15750, 00000
15751, 00000
15752, 00000
15753, 00000
15754, 00000
15755, 00000
15756, 00000
15757, 00000
15758, 00000
15759, 00000
15760, 00000
15761, 00000
15762, 00000
15763, 00000
15764, 00000
15765, 00000
15766, 00000
15767, 00000
15768, 00000
15769, 00000
15770, 00000
15771, 00001
15772, 00000
15773, 00000
15774, 00000
15775, 00000
15776, 00000
15777, 00000
15778, 00000
15779, 00000
15780, 00000
15781, 00000
15782, 00000
15783, 00000
15784, 00000
15785, 00000
15786, 00000
15787, 00000
15788, 00001
15789, 00000
15790, 00000
15791, 00000
15792, 00000
15793, 00000
15794, 00000
15795, 00000
15796, 00000
15797, 00000
15798, 00000
15799, 00000
15800, 00000
15801, 00000
15802, 00000
15803, 00000
15804, 00000
15805, 00000
15806, 00000
15807, 00000
15808, 00000
15809, 00000
15810, 00001
15811, 00000
15812, 00000
15813, 00000
15814, 00000
15815, 00000
15816, 00000
15817, 00000
15818, 00000
15819, 00000
15820, 00000
15821, 00000
15822, 00000
15823, 00000
15824, 00000
15825, 00000
15826, 00000
15827, 00000
15828, 00000
15829, 00000
15830, 00000
15831, 00000
15832, 00000
15833, 00000
15834, 00000
15835, 00000
15836, 00000
15837, 00000
15838, 00000
15839, 00000
15840, 00000
15841, 00001
15842, 00000
15843, 00000
15844, 00000
15845, 00000
15846, 00000
15847, 00000
15848, 00000
15849, 00000
15850, 00000
15851, 00000
15852, 00000
15853, 00000
15854, 00000
15855, 00000
15856, 00000
15857, 00000
15858, 00000
15859, 00000
15860, 00000
15861, 00000
15862, 00000
15863, 00000
15864, 00001
15865, 00000
15866, 00000
15867, 00000
15868, 00001
15869, 00000
15870, 00000
15871, 00000
15872, 00000
15873, 00000
15874, 00000
15875, 00000
15876, 00000
15877, 00000
15878, 00001
15879, 00000
15880, 00000
15881, 00000
15882, 00000
15883, 00000
15884, 00000
15885, 00000
15886, 00000
15887, 00000
15888, 00000
15889, 00000
15890, 00000
15891, 00000
15892, 00000
15893, 00000
15894, 00000
15895, 00000
15896, 00001
15897, 00000
15898, 00000
15899, 00000
15900, 00000
15901, 00001
15902, 00000
15903, 00000
15904, 00000
15905, 00000
15906, 00001
15907, 00000
15908, 00000
15909, 00000
15910, 00000
15911, 00000
15912, 00000
15913, 00000
15914, 00000
15915, 00000
15916, 00001
15917, 00000
15918, 00000
15919, 00000
15920, 00001
15921, 00000
15922, 00000
15923, 00000
15924, 00000
15925, 00001
15926, 00000
15927, 00000
15928, 00000
15929, 00000
15930, 00000
15931, 00000
15932, 00000
15933, 00000
15934, 00001
15935, 00000
15936, 00000
15937, 00000
15938, 00000
15939, 00000
15940, 00000
15941, 00000
15942, 00000
15943, 00000
15944, 00000
15945, 00000
15946, 00000
15947, 00001
15948, 00000
15949, 00000
15950, 00000
15951, 00001
15952, 00000
15953, 00001
15954, 00000
15955, 00000
15956, 00000
15957, 00000
15958, 00000
15959, 00000
15960, 00000
15961, 00000
15962, 00000
15963, 00001
15964, 00000
15965, 00000
15966, 00000
15967, 00000
15968, 00000
15969, 00000
15970, 00000
15971, 00000
15972, 00000
15973, 00000
15974, 00000
15975, 00000
15976, 00000
15977, 00000
15978, 00000
15979, 00000
15980, 00000
15981, 00000
15982, 00000
15983, 00000
15984, 00000
15985, 00000
15986, 00000
15987, 00000
15988, 00000
15989, 00000
15990, 00000
15991, 00000
15992, 00000
15993, 00000
15994, 00000
15995, 00000
15996, 00000
15997, 00000
15998, 00000
15999, 00000
16000, 00001
16001, 00000
16002, 00000
16003, 00000
16004, 00000
16005, 00000
16006, 00000
16007, 00000
16008, 00000
16009, 00000
16010, 00000
16011, 00000
16012, 00000
16013, 00000
16014, 00000
16015, 00000
16016, 00000
16017, 00000
16018, 00000
16019, 00000
16020, 00000
16021, 00000
16022, 00001
16023, 00000
16024, 00000
16025, 00000
16026, 00000
16027, 00000
16028, 00000
16029, 00000
16030, 00000
16031, 00000
16032, 00000
16033, 00000
16034, 00000
16035, 00000
16036, 00000
16037, 00000
16038, 00000
16039, 00000
16040, 00000
16041, 00000
16042, 00000
16043, 00000
16044, 00000
16045, 00000
16046, 00000
16047, 00000
16048, 00000
16049, 00000
16050, 00000
16051, 00000
16052, 00000
16053, 00000
16054, 00000
16055, 00000
16056, 00000
16057, 00000
16058, 00000
16059, 00000
16060, 00000
16061, 00000
16062, 00000
16063, 00000
16064, 00000
16065, 00000
16066, 00000
16067, 00000
16068, 00000
16069, 00000
16070, 00000
16071, 00000
16072, 00000
16073, 00001
16074, 00000
16075, 00000
16076, 00000
16077, 00000
16078, 00000
16079, 00001
16080, 00000
16081, 00000
16082, 00000
16083, 00000
16084, 00000
16085, 00000
16086, 00000
16087, 00000
16088, 00000
16089, 00000
16090, 00000
16091, 00000
16092, 00000
16093, 00000
16094, 00000
16095, 00000
16096, 00000
16097, 00000
16098, 00000
16099, 00000
16100, 00000
16101, 00000
16102, 00000
16103, 00001
16104, 00000
16105, 00000
16106, 00000
16107, 00000
16108, 00000
16109, 00000
16110, 00001
16111, 00000
16112, 00000
16113, 00000
16114, 00000
16115, 00000
16116, 00000
16117, 00000
16118, 00000
16119, 00000
16120, 00000
16121, 00000
16122, 00000
16123, 00000
16124, 00000
16125, 00000
16126, 00000
16127, 00000
16128, 00000
16129, 00000
16130, 00000
16131, 00000
16132, 00000
16133, 00000
16134, 00000
16135, 00000
16136, 00000
16137, 00000
16138, 00001
16139, 00000
16140, 00000
16141, 00000
16142, 00000
16143, 00000
16144, 00000
16145, 00000
16146, 00000
16147, 00000
16148, 00000
16149, 00000
16150, 00000
16151, 00000
16152, 00000
16153, 00000
16154, 00000
16155, 00000
16156, 00000
16157, 00000
16158, 00000
16159, 00000
16160, 00000
16161, 00000
16162, 00000
16163, 00000
16164, 00000
16165, 00000
16166, 00000
16167, 00001
16168, 00000
16169, 00000
16170, 00000
16171, 00000
16172, 00000
16173, 00000
16174, 00001
16175, 00000
16176, 00000
16177, 00000
16178, 00000
16179, 00000
16180, 00000
16181, 00000
16182, 00000
16183, 00000
16184, 00000
16185, 00000
16186, 00000
16187, 00000
16188, 00000
16189, 00000
16190, 00000
16191, 00000
16192, 00000
16193, 00000
16194, 00000
16195, 00000
16196, 00000
16197, 00000
16198, 00000
16199, 00000
16200, 00000
16201, 00000
16202, 00000
16203, 00000
16204, 00000
16205, 00000
16206, 00000
16207, 00000
16208, 00000
16209, 00000
16210, 00000
16211, 00000
16212, 00000
16213, 00000
16214, 00000
16215, 00000
16216, 00000
16217, 00000
16218, 00000
16219, 00000
16220, 00000
16221, 00000
16222, 00000
16223, 00000
16224, 00000
16225, 00000
16226, 00000
16227, 00000
16228, 00000
16229, 00000
16230, 00000
16231, 00000
16232, 00000
16233, 00000
16234, 00000
16235, 00000
16236, 00000
16237, 00000
16238, 00000
16239, 00000
16240, 00000
16241, 00000
16242, 00000
16243, 00000
16244, 00000
16245, 00001
16246, 00000
16247, 00000
16248, 00000
16249, 00000
16250, 00000
16251, 00000
16252, 00000
16253, 00000
16254, 00000
16255, 00000
16256, 00000
16257, 00000
16258, 00000
16259, 00000
16260, 00000
16261, 00000
16262, 00000
16263, 00000
16264, 00000
16265, 00000
16266, 00000
16267, 00000
16268, 00000
16269, 00000
16270, 00000
16271, 00000
16272, 00000
16273, 00000
16274, 00000
16275, 00000
16276, 00000
16277, 00000
16278, 00000
16279, 00000
16280, 00000
16281, 00000
16282, 00000
16283, 00000
16284, 00000
16285, 00000
16286, 00000
16287, 00000
16288, 00000
16289, 00000
16290, 00000
16291, 00000
16292, 00000
16293, 00000
16294, 00000
16295, 00000
16296, 00000
16297, 00000
16298, 00000
16299, 00000
16300, 00000
16301, 00000
16302, 00000
16303, 00000
16304, 00000
16305, 00000
16306, 00000
16307, 00000
16308, 00000
16309, 00000
16310, 00000
16311, 00000
16312, 00000
16313, 00000
16314, 00000
16315, 00000
16316, 00000
16317, 00000
16318, 00000
16319, 00000
16320, 00000
16321, 00000
16322, 00000
16323, 00000
16324, 00000
16325, 00000
16326, 00000
16327, 00000
16328, 00000
16329, 00000
16330, 00000
16331, 00000
16332, 00000
16333, 00000
16334, 00000
16335, 00000
16336, 00000
16337, 00000
16338, 00000
16339, 00000
16340, 00000
16341, 00000
16342, 00000
16343, 00000
16344, 00000
16345, 00000
16346, 00000
16347, 00000
16348, 00000
16349, 00000
16350, 00000
16351, 00000
16352, 00000
16353, 00000
16354, 00000
16355, 00000
16356, 00000
16357, 00000
16358, 00000
16359, 00000
16360, 00000
16361, 00000
16362, 00000
16363, 00000
16364, 00000
16365, 00000
16366, 00000
16367, 00000
16368, 00000
16369, 00000
16370, 00000
16371, 00000
16372, 00000
16373, 00000
16374, 00000
16375, 00000
16376, 00000
16377, 00000
16378, 00000
16379, 00000
16380, 00001
16381, 00000
16382, 00000
16383, 00001
